# JPL Horizons API fetched 2026-10-05 (DE441), CENTER=500@399 (geocentric). Columns: Date Illu% Ang-diam(arcsec) ObsSub-LON ObsSub-LAT SunSub-LON SunSub-LAT delta(au) deldot
 2027-Jan-01 00:00      37.81944  1830.913    7.187181   5.995953  263.115854  -1.014590  0.00261675600517   0.0577881
 2027-Jan-11 00:00       8.68198  1781.404  355.547135  -0.404760  141.295634  -0.844610  0.00268948126367  -0.0276407
 2027-Jan-21 00:00      96.46084  2001.485  358.397882  -4.506158   19.747681  -0.557676  0.00239375032084  -0.0203270
 2027-Jan-31 00:00      35.14689  1792.643    5.720341   6.787558  258.344208  -0.249588  0.00267261931857   0.0428845
 2027-Feb-10 00:00      10.45952  1821.195  354.002597  -4.188883  136.466135  -0.029652  0.00263071924039  -0.0393880
 2027-Feb-20 00:00      98.63436  1983.125    1.455861  -0.322075   14.863476   0.298910  0.00241591151665   0.0131152
 2027-Mar-02 00:00      33.44936  1772.874    2.804205   5.205964  253.332695   0.589003  0.00270242027536   0.0171811
 2027-Mar-12 00:00      13.69978  1874.577  354.507183  -6.483852  131.326503   0.779503  0.00255580568926  -0.0370969
 2027-Mar-22 00:00      99.67155  1931.993    3.688795   3.923008    9.610033   1.061230  0.00247985107654   0.0373382
 2027-Apr-01 00:00      31.99173  1775.241  359.076499   1.944184  247.902782   1.246738  0.00269881843728  -0.0134702
 2027-Apr-11 00:00      18.83262  1924.846  357.087244  -6.038573  125.734074   1.342810  0.00248905873358  -0.0184673
 2027-Apr-21 00:00      99.81889  1868.043    4.637085   6.326173    3.881468   1.506614  0.00256474417456   0.0452188
 2027-May-01 00:00      30.02106  1800.335  355.507063  -1.961431  241.989121   1.541259  0.00266120096922  -0.0428174
 2027-May-11 00:00      25.82707  1951.300    0.789431  -2.725224  119.665655   1.510547  0.00245531440812   0.0124764
 2027-May-21 00:00      99.53601  1811.395    4.017245   6.126908  357.691346   1.521950  0.00264495156676   0.0372833
 2027-May-31 00:00      26.88711  1845.380  353.167235  -5.283663  235.644579   1.406641  0.00259624227849  -0.0641818
 2027-Jun-10 00:00      33.89038  1941.583    4.355799   1.929255  113.211674   1.252648  0.00246760254337   0.0441695
 2027-Jun-20 00:00      99.07222  1775.053    1.923848   3.690715  351.161988   1.118924  0.00269910284762   0.0186848
 2027-Jun-30 00:00      22.29427  1902.057  352.815985  -6.742131  229.022743   0.893410  0.00251888004496  -0.0710669
 2027-Jul-10 00:00      41.67369  1901.793    6.853380   5.627276  106.551653   0.649112  0.00251923010049   0.0638502
 2027-Jul-20 00:00      98.40107  1764.838  359.019845   0.003657  344.496658   0.414547  0.00271472590237  -0.0041426
 2027-Jul-30 00:00      16.59859  1954.593  354.474632  -5.444373  222.344272   0.143008  0.00245117800601  -0.0593872
 2027-Aug-09 00:00      48.00591  1850.642    7.631528   6.832641   99.916976  -0.138254  0.00258886051371   0.0654374
 2027-Aug-19 00:00      97.35851  1781.638  356.362509  -3.718209  337.936916  -0.402687  0.00268912832750  -0.0248777
 2027-Aug-29 00:00      10.85346  1982.571  357.443924  -1.650902  215.849673  -0.646772  0.00241658750915  -0.0313406
 2027-Sep-08 00:00      52.38710  1806.114    6.375769   5.398804   93.541515  -0.901022  0.00265268484257   0.0503853
 2027-Sep-18 00:00      95.75369  1822.268  354.996769  -6.197605  331.707213  -1.112280  0.00262916982545  -0.0373864
 2027-Sep-28 00:00       6.25041  1972.009    0.812944   2.917551  209.742196  -1.261358  0.00242952990133   0.0026711
 2027-Oct-08 00:00      54.97629  1779.069    3.374688   2.149550   87.603177  -1.426715  0.00269301076760   0.0239178
 2027-Oct-18 00:00      93.36925  1878.022  355.487222  -6.318399  325.954132  -1.509414  0.00255111733107  -0.0360656
 2027-Oct-28 00:00       3.28514  1926.775    3.685050   6.014290  204.130430  -1.518353  0.00248656654884   0.0291263
 2027-Nov-07 00:00      56.39486  1773.880  359.475581  -1.742876   82.168982  -1.552349  0.00270088876619  -0.0078062
 2027-Nov-17 00:00      89.94163  1932.816  357.653053  -3.677307  320.697333  -1.463018  0.00247879509905  -0.0180399
 2027-Nov-27 00:00       1.63585  1865.899    5.139757   6.342001  198.989011  -1.324815  0.00256769179278   0.0399417
 2027-Dec-07 00:00      57.52854  1790.683  355.752601  -5.083651   77.166126  -1.222231  0.00267554419724  -0.0385374
 2027-Dec-17 00:00      85.33613  1966.221    0.814708   0.780627  315.815822  -0.970701  0.00243668209082   0.0130421
 2027-Dec-27 00:00       0.77220  1810.224    4.649218   4.102080  194.158855  -0.723445  0.00264666245879   0.0351288
 2028-Jan-06 00:00      59.31952  1826.597  353.154743  -6.780498   72.398957  -0.524228  0.00262293984187  -0.0619925
 2028-Jan-16 00:00      79.90536  1964.406    4.170404   4.926450  311.082943  -0.177754  0.00243893366266   0.0460856
 2028-Jan-26 00:00       0.36387  1773.719    2.498047   0.428663  189.394041   0.105296  0.00270113320071   0.0192252
 2028-Feb-05 00:00      62.54183  1875.194  352.256005  -6.046991   67.609794   0.327475  0.00255496364043  -0.0721097
 2028-Feb-15 00:00      74.50824  1929.786    6.748666   6.746847  306.236554   0.666733  0.00248268755794   0.0683796
 2028-Feb-25 00:00       0.22345  1763.063  359.585946  -3.325586  184.436540   0.902679  0.00271745903611  -0.0022738
 2028-Mar-06 00:00      67.56843  1924.414  353.213656  -2.830419   62.556175   1.068003  0.00248961762913  -0.0643967
 2028-Mar-16 00:00      69.95085  1877.878    7.549043   5.629831  301.053029   1.302764  0.00255131267309   0.0729155
 2028-Mar-26 00:00       0.18958  1779.941  356.939721  -5.935578  179.087502   1.427924  0.00269169154220  -0.0238127
 2028-Apr-05 00:00      74.11984  1956.289  355.889496   1.741830   57.073669   1.478119  0.00244905251843  -0.0392394
 2028-Apr-15 00:00      66.47573  1826.632    6.206258   2.392203  295.401718   1.550917  0.00262288867933   0.0600338
 2028-Apr-25 00:00       0.21739  1821.905  355.339963  -6.462344  173.254266   1.538913  0.00262969363055  -0.0393071
 2028-May-05 00:00      81.16967  1954.777  359.723061   5.526747   51.110258   1.451365  0.00245094711055  -0.0051074
 2028-May-15 00:00      63.77327  1789.362    3.232512  -1.572861  289.271899   1.359009  0.00267751933316   0.0345762
 2028-May-25 00:00       0.59412  1880.963  355.191695  -4.496139  166.967245   1.222717  0.00254712876693  -0.0423223
 2028-Jun-04 00:00      87.39587  1918.752    3.409380   6.609798   44.732740   1.010639  0.00249696389635   0.0243286
 2028-Jun-14 00:00      61.29582  1773.392  359.592374  -4.954012  282.771270   0.797685  0.00270163139444   0.0028857
 2028-Jun-24 00:00       2.00175  1941.454  356.636453  -0.529902  160.368377   0.579941  0.00246776612628  -0.0282717
 2028-Jul-04 00:00      91.96483  1863.966    5.429941   4.679894   38.109187   0.285733  0.00257035503070   0.0389032
 2028-Jul-14 00:00      58.51729  1781.197  356.218541  -6.735320  276.098447   0.026198  0.00268979276644  -0.0285860
 2028-Jul-24 00:00       5.11895  1981.816  359.597611   3.835607  153.676009  -0.213106  0.00241750728358   0.0013649
 2028-Aug-03 00:00      94.82569  1811.031    5.213449   0.938478   31.469928  -0.526975  0.00264548401728   0.0366593
 2028-Aug-13 00:00      55.01723  1811.213  353.783814  -6.281007  269.495270  -0.749881  0.00264521720566  -0.0534646
 2028-Aug-23 00:00       9.84445  1984.935    3.382865   6.437231  147.133632  -0.946626  0.00241370934768   0.0364739
 2028-Sep-02 00:00      96.42161  1775.133    3.302582  -2.992464   25.053505  -1.209150  0.00269898226647   0.0214413
 2028-Sep-12 00:00      50.46063  1857.087  352.741747  -3.521809  263.189403  -1.321346  0.00257987612084  -0.0655221
 2028-Sep-22 00:00      15.03577  1950.743    6.467471   5.964337  140.951979  -1.420281  0.00245601573133   0.0629461
 2028-Oct-02 00:00      97.32249  1764.252    0.646141  -5.778119   19.047205  -1.567446  0.00271562751070  -0.0009102
 2028-Oct-12 00:00      44.63632  1905.978  353.476956   0.769469  257.336596  -1.521427  0.00251369808102  -0.0599993
 2028-Oct-22 00:00      19.35127  1895.534    7.472215   2.888011  135.253527  -1.490203  0.00252754864041   0.0716939
 2028-Nov-01 00:00      97.99811  1780.932  358.034889  -6.558470   13.534865  -1.484613  0.00269019434747  -0.0243157
 2028-Nov-11 00:00      37.69133  1939.483  356.171460   4.876414  251.976074  -1.275495  0.00247027476332  -0.0369151
 2028-Nov-21 00:00      22.19516  1839.069    6.204244  -1.206569  130.034672  -1.117482  0.00260515067506   0.0622477
 2028-Dec-01 00:00      98.69744  1823.199  355.988106  -5.029507    8.469040  -0.966374  0.00262782821672  -0.0426991
 2028-Dec-11 00:00      30.39358  1941.781    0.191438   6.740054  247.015100  -0.639702  0.00246735133298  -0.0040018
 2028-Dec-21 00:00      23.80142  1795.280    3.401648  -4.742275  125.161628  -0.399012  0.00266869380856   0.0396466
 2028-Dec-31 00:00      99.40687  1883.712  354.958953  -1.570674    3.680644  -0.159148  0.00254341030666  -0.0500608
